Multiple size <= 100
TEST 1 ARG:45 84 51 96 5 60 86 30 93 10 27 67 87 31 57 50 66 16 34 78 79 72 95 75 42 80 71 94 53 38 20 61 74 8 23 4 25 21 64 9 99 49 0 83 59 6 14 52 15 92 41 39 2 91 40 63 3 7 18 69 33 47 44 81 11 56 36 88 98 85 76 35 28 12 55 1 22 68 26 46 62 58 29 43 54 17 73 65 13 48 19 37 97 77 70 90 82 89 24 32
TEST 2 ARG:95 99 51 57 38 62 58 72 3 70 18 6 85 32 46 87 54 11 83 27 68 65 50 17 14 7 92 24 9 43 98 42 79 8 60 22 15 1 94 66 37 91 78 59 5 81 39 80 26 71 69 31 40 0 64 76 82 35 74 84 33 52 63 56 12 20 77 36 16 44 30 55 48 25 34 2 90 61 10 73 28 86 53 97 41 75 19 47 96 89 67 49 93 88 29 45 21 4 23 13
TEST 3 ARG:82 85 36 97 38 37 67 22 73 21 93 23 8 98 84 0 89 4 39 74 31 13 42 77 45 48 96 43 91 54 41 78 29 60 24 33 3 88 92 34 51 30 32 68 71 61 26 76 5 10 49 94 53 56 86 6 11 90 7 62 46 81 64 18 55 63 57 70 59 27 20 66 19 50 16 72 58 44 14 47 80 35 15 87 95 2 1 79 9 83 99 69 52 25 12 17 75 65 40 28
TEST 4 ARG:42 16 35 72 12 52 70 32 58 47 89 79 73 81 56 71 82 51 91 77 5 0 83 28 8 86 13 18 1 36 19 98 17 41 31 68 69 9 76 65 66 61 60 10 99 54 2 4 15 84 43 46 39 55 30 27 38 78 29 74 48 97 3 24 23 93 20 63 90 6 53 49 22 40 14 96 7 95 57 59 50 88 87 11 80 33 34 26 94 37 64 25 62 21 92 45 75 44 67 85
TEST 5 ARG:34 61 49 33 78 63 35 74 4 54 28 2 68 47 23 96 51 59 24 69 10 25 26 97 46 44 55 65 29 77 85 42 16 5 20 36 82 87 66 27 41 90 37 17 88 14 53 72 70 64 30 94 19 83 91 15 18 6 73 92 81 8 39 71 99 86 76 75 1 21 12 31 48 98 7 52 13 22 38 45 43 89 93 50 60 95 84 11 58 57 3 67 80 40 32 79 0 62 9 56
TEST 6 ARG:1 97 32 61 21 4 65 42 12 72 67 27 28 58 57 26 36 94 39 64 7 82 49 40 11 89 14 19 59 54 86 33 8 78 51 0 44 41 85 9 35 81 25 76 66 34 68 98 84 17 75 37 92 71 62 13 79 74 88 70 6 2 47 16 96 43 63 29 55 18 10 50 30 3 87 31 24 77 48 56 90 95 83 20 53 73 22 69 99 52 38 46 23 45 80 5 60 93 91 15
TEST 7 ARG:53 2 54 32 1 75 34 44 94 63 76 59 17 99 35 25 0 85 24 90 84 96 48 31 41 60 72 70 28 77 8 97 37 46 51 22 86 10 3 42 93 79 7 62 58 39 68 57 52 49 71 66 29 14 11 16 6 56 95 73 43 23 87 78 64 65 13 26 69 19 61 92 36 89 40 83 82 80 30 91 15 18 81 20 74 9 45 67 88 55 98 33 21 27 12 47 38 50 5 4
TEST 8 ARG:72 80 18 3 87 43 92 59 75 90 94 71 21 66 38 50 58 0 46 64 68 6 89 41 39 40 8 78 44 12 1 76 77 81 35 29 20 10 74 93 91 99 11 73 15 67 9 82 45 54 17 60 33 13 86 96 19 88 36 24 5 25 34 62 23 28 98 70 79 48 53 26 47 61 56 42 83 84 7 27 69 65 4 32 14 95 30 2 51 31 37 22 52 55 57 49 16 97 63 85
TEST 9 ARG:33 80 83 49 5 55 88 16 89 38 71 87 34 29 27 75 35 39 36 1 73 28 13 68 69 57 30 59 0 24 70 94 66 19 82 45 53 90 18 17 11 97 22 12 40 26 14 8 4 63 76 95 81 91 10 25 93 56 86 58 96 47 42 61 54 31 50 60 84 37 78 52 48 65 64 3 6 41 23 9 98 99 62 44 74 32 43 72 46 77 79 21 67 20 92 85 2 15 51 7
TEST 10 ARG:50 28 17 65 74 63 62 90 51 91 95 83 22 55 40 48 88 84 44 85 97 30 38 60 32 37 45 72 8 34 98 47 11 23 14 6 41 43 56 21 82 42 0 13 35 93 5 54 67 7 15 71 68 36 79 77 4 24 59 19 18 61 9 66 75 89 87 3 94 57 31 69 20 73 86 29 12 58 52 81 92 70 10 99 78 2 25 16 80 33 27 49 26 96 53 1 46 76 39 64
TEST 11 ARG:92 3 65 75 8 49 28 24 82 22 38 79 86 21 69 36 61 99 45 41 96 27 94 67 34 53 31 88 62 73 77 35 54 87 18 52 84 68 90 50 70 51 4 46 43 64 98 16 15 42 30 44 85 40 17 78 9 1 63 26 81 11 14 12 39 13 10 76 5 72 71 91 19 80 25 32 56 60 33 47 66 97 58 89 20 83 48 0 2 74 6 37 7 95 23 29 57 59 93 55
TEST 12 ARG:19 6 39 91 2 71 17 86 51 11 84 8 23 22 26 13 68 61 73 52 35 37 38 14 21 77 69 75 64 31 85 10 50 67 76 27 5 66 95 83 33 40 46 36 29 44 62 54 74 12 98 59 58 88 47 15 49 28 9 1 48 57 96 97 63 99 55 56 25 18 79 3 89 93 20 90 80 24 43 16 92 72 70 78 81 30 34 94 87 53 0 41 42 4 7 65 45 60 82 32
TEST 13 ARG:6 2 82 9 48 63 44 67 83 3 4 33 8 71 23 93 53 32 61 73 46 10 1 40 28 47 89 88 34 12 57 18 96 52 77 79 25 20 22 70 86 21 62 17 5 72 37 43 24 75 29 84 97 27 78 98 87 42 81 16 90 76 0 14 51 35 94 7 80 95 68 49 92 15 26 99 56 13 66 64 60 30 41 69 11 45 50 38 36 74 54 55 19 59 31 91 85 39 65 58
TEST 14 ARG:26 5 7 86 78 55 81 28 27 89 3 24 58 65 64 51 63 97 22 95 30 61 23 75 11 67 94 39 25 82 46 60 84 48 62 2 42 77 76 52 18 50 88 47 66 16 79 96 93 44 21 4 0 19 9 80 36 10 98 70 33 34 69 32 31 92 68 72 83 12 91 87 41 37 14 13 40 17 73 20 74 45 6 90 38 35 56 53 85 59 99 1 49 57 71 15 54 29 8 43
TEST 15 ARG:43 4 14 56 17 62 91 11 41 21 40 20 75 60 69 32 57 74 68 84 77 92 98 87 63 55 71 39 80 95 25 5 82 70 67 51 81 30 73 52 58 47 97 85 89 8 29 83 49 22 26 65 46 45 66 53 99 0 48 78 3 88 33 50 23 72 6 34 9 96 18 44 31 90 64 37 54 79 61 36 94 42 35 19 13 12 2 10 24 76 86 1 16 27 59 28 15 7 38 93
TEST 16 ARG:23 3 73 29 63 5 27 68 15 44 21 41 58 91 14 98 76 97 32 55 11 85 22 8 74 82 36 25 75 77 35 26 40 59 92 39 28 71 78 96 45 6 81 83 93 13 17 57 50 0 33 34 10 60 18 49 38 43 24 20 4 56 37 9 46 67 94 89 54 12 51 72 62 61 65 31 88 99 47 30 16 64 53 52 90 7 87 84 79 19 42 86 69 48 80 66 70 2 1 95
TEST 17 ARG:68 14 38 52 21 25 53 4 55 10 43 54 72 93 35 28 57 91 51 82 31 5 70 65 59 40 66 62 18 41 64 90 2 60 47 16 48 58 6 36 88 94 17 77 8 84 22 96 92 30 86 79 19 81 12 1 56 46 3 61 97 83 20 87 27 78 67 26 34 69 99 85 44 76 0 80 15 42 89 13 9 75 32 45 37 73 50 33 23 49 71 39 24 98 63 74 7 29 11 95
TEST 18 ARG:84 76 93 48 44 79 55 22 45 0 47 16 39 14 9 28 89 25 23 3 43 6 17 94 58 97 52 37 35 31 91 33 59 64 90 30 66 32 72 82 36 78 74 10 7 87 41 73 53 62 8 12 4 99 27 34 38 77 69 24 75 49 80 60 19 51 26 83 42 29 20 86 95 63 96 46 40 65 92 50 18 67 13 1 85 11 98 70 21 5 81 2 68 57 88 61 71 54 15 56
TEST 19 ARG:55 71 46 54 59 53 30 60 22 70 10 15 2 31 20 78 45 21 97 39 96 93 73 83 23 7 37 86 51 77 48 13 68 47 82 33 57 24 42 9 27 58 99 36 62 65 35 43 8 5 64 98 72 25 14 19 75 66 1 84 79 85 16 56 34 63 3 80 49 28 38 6 12 29 26 91 67 95 41 52 76 11 40 88 94 44 81 90 87 61 18 50 74 92 32 17 69 89 0 4
TEST 20 ARG:66 63 82 7 54 70 44 11 50 84 6 33 52 65 94 23 43 5 1 37 14 91 4 98 75 0 26 99 19 90 57 28 8 86 27 15 12 73 79 89 42 85 67 38 17 24 83 96 49 18 87 80 62 71 74 81 69 3 88 95 25 16 77 56 59 39 22 48 36 46 93 41 35 2 21 53 60 13 72 97 40 10 47 92 78 34 51 31 68 55 30 32 76 20 64 9 61 45 29 58
TEST 21 ARG:6 81 69 22 13 42 53 27 66 57 70 50 29 58 33 3 93 47 85 74 44 38 14 77 79 56 9 5 82 61 10 28 32 63 87 23 84 21 46 7 83 54 75 15 16 52 39 41 94 34 40 49 59 90 35 31 2 36 71 25 65 73 97 4 62 98 68 45 76 72 55 20 60 89 51 24 95 30 48 26 64 86 0 11 19 96 37 88 91 18 80 43 67 1 8 17 78 99 12 92
TEST 22 ARG:77 62 87 69 65 25 52 41 54 48 26 89 56 35 64 19 39 74 92 22 11 3 95 98 21 83 27 50 40 96 71 0 93 12 9 75 88 13 49 32 33 82 68 15 81 43 86 72 53 5 91 28 63 29 23 61 36 17 90 57 42 73 46 1 79 4 58 51 99 76 97 55 59 34 24 18 10 67 6 14 8 60 37 80 31 16 84 85 2 44 20 70 30 45 78 7 66 47 38 94
TEST 23 ARG:14 73 41 7 34 45 93 56 72 6 84 8 94 82 69 53 33 96 59 31 28 57 3 87 30 80 90 22 79 23 60 50 1 42 13 52 48 71 74 47 88 46 39 18 55 44 24 91 85 89 54 37 32 36 16 26 61 21 11 75 0 67 43 83 5 65 92 20 19 4 35 78 76 77 40 15 70 25 12 95 29 9 81 49 64 98 17 68 51 2 58 66 99 97 27 63 10 62 86 38
TEST 24 ARG:3 12 83 42 9 55 51 72 15 71 14 36 5 6 43 20 92 17 1 47 91 34 80 49 19 25 79 61 52 10 8 26 98 69 81 76 30 4 85 63 21 37 31 74 40 56 45 59 13 39 24 90 77 35 53 33 94 27 82 84 38 67 16 68 46 28 57 32 2 88 22 70 86 99 73 96 65 50 0 62 44 11 87 93 75 66 41 54 7 18 23 60 78 64 29 48 95 89 97 58
TEST 25 ARG:94 92 89 60 98 87 59 82 70 32 6 17 39 24 36 64 99 66 68 61 13 55 50 52 63 96 80 62 10 26 91 19 40 2 22 48 49 20 74 73 78 93 58 45 71 41 57 43 56 86 88 1 81 97 95 21 0 4 65 46 53 51 31 75 33 12 69 15 76 37 11 34 83 29 9 5 27 84 23 8 25 3 79 16 47 77 18 85 42 30 44 54 67 35 90 28 7 38 72 14
TEST 26 ARG:36 34 24 11 76 49 88 90 40 92 0 97 54 53 85 20 98 37 44 15 91 77 72 4 31 80 35 64 96 87 70 89 78 82 43 32 73 63 12 25 99 83 18 56 75 16 41 59 13 1 48 45 62 38 23 60 22 39 7 46 42 58 17 28 29 94 8 86 14 21 50 55 19 65 51 57 9 67 6 95 47 71 3 27 26 74 84 81 68 66 61 69 30 5 2 10 93 33 52 79
TEST 27 ARG:91 44 80 12 77 68 37 72 98 23 63 0 36 7 14 53 16 70 66 39 55 75 28 38 5 15 64 83 33 78 35 10 76 57 18 2 89 11 90 99 71 9 58 1 40 52 4 32 30 25 54 56 8 65 59 43 95 6 86 84 41 45 29 31 19 60 87 34 50 94 20 3 69 96 67 47 24 74 22 93 48 17 61 88 81 49 92 46 82 42 85 51 26 62 79 13 27 97 73 21
TEST 28 ARG:66 47 90 75 16 12 4 24 38 65 14 18 27 58 81 95 48 72 63 21 60 45 67 68 98 88 54 29 56 34 22 15 36 31 79 30 25 3 0 83 86 19 96 99 44 78 62 52 70 55 11 20 23 87 37 2 74 40 93 5 1 94 92 43 76 26 46 7 64 84 80 10 39 49 73 35 89 51 69 17 6 61 28 71 97 41 13 57 42 59 32 82 33 9 8 77 85 91 53 50
TEST 29 ARG:98 41 45 82 84 92 43 46 85 95 47 70 11 91 90 38 9 56 1 33 78 27 83 71 44 77 74 66 65 52 39 81 23 59 4 15 42 75 54 96 87 80 2 21 10 61 51 48 3 50 55 49 67 89 86 73 30 88 19 8 28 29 93 7 25 32 22 60 34 17 79 58 16 24 76 18 35 94 53 6 40 99 36 64 63 14 5 69 20 0 31 57 97 62 13 68 72 37 12 26
TEST 30 ARG:5 58 87 36 44 89 48 62 98 19 83 46 71 79 60 95 90 43 37 81 69 77 21 18 65 16 8 34 94 23 24 64 70 3 31 82 74 9 10 96 40 57 93 20 76 55 30 72 1 51 13 4 38 12 91 41 49 86 75 66 78 2 68 22 84 59 97 29 33 17 26 88 47 54 61 39 42 63 14 45 73 11 53 50 67 28 85 25 35 27 7 6 80 56 52 92 32 0 99 15
TEST 31 ARG:17 27 42 47 56 66 48 67 10 83 64 20 28 58 22 33 51 55 87 7 15 18 99 8 69 5 70 6 98 12 34 73 97 40 19 16 74 57 52 71 78 0 1 85 72 30 38 46 35 86 92 54 39 2 32 50 29 68 60 77 93 9 4 62 79 26 88 75 94 49 59 41 23 31 14 95 25 81 43 53 11 96 89 21 44 36 80 63 91 13 24 45 3 84 82 61 90 37 76 65
TEST 32 ARG:61 50 41 58 81 77 10 69 52 66 4 28 72 70 38 49 83 88 0 5 65 32 35 68 31 7 84 29 13 26 14 30 85 90 54 9 45 93 11 8 37 18 76 21 78 6 98 59 87 74 39 91 22 71 19 64 12 16 89 44 60 92 99 15 47 55 53 20 48 42 27 97 95 24 17 43 34 33 56 2 79 40 82 3 23 25 94 36 73 51 1 46 63 86 57 80 75 62 67 96
TEST 33 ARG:36 70 7 75 32 41 17 74 30 88 46 2 26 16 94 62 78 42 13 34 6 11 63 61 15 64 56 5 4 28 99 57 60 83 80 20 12 38 51 67 21 87 24 54 25 95 48 91 8 92 98 93 27 18 96 43 52 39 53 49 66 85 89 44 58 50 37 71 40 22 23 97 84 35 76 82 81 86 79 3 33 59 69 1 55 77 47 10 73 31 29 65 90 14 19 9 68 0 45 72
TEST 34 ARG:43 8 19 20 49 79 77 63 33 18 91 84 28 38 50 48 45 53 88 32 56 82 78 75 94 69 90 47 21 37 55 26 60 71 35 24 96 34 10 6 68 44 72 87 29 3 97 42 4 57 83 16 54 62 85 61 92 66 80 0 31 81 23 27 70 9 73 99 25 89 17 14 12 1 13 51 52 59 15 7 36 58 76 64 65 30 5 74 39 41 98 22 95 46 2 93 40 67 86 11
TEST 35 ARG:20 13 2 65 50 86 54 94 10 25 11 88 17 4 93 16 19 60 67 61 7 75 18 30 82 70 51 81 96 90 95 78 5 84 48 21 24 33 53 26 27 44 37 77 79 47 80 91 38 74 58 41 36 12 15 3 8 72 64 68 71 28 32 42 35 85 57 23 22 14 98 6 76 89 29 59 92 63 69 52 34 46 1 99 87 49 62 55 40 66 97 45 39 9 56 0 73 31 83 43
TEST 36 ARG:57 84 31 81 94 73 85 0 38 34 52 14 6 44 35 25 93 86 58 30 69 61 15 26 50 21 45 28 1 29 20 7 13 3 70 92 83 88 62 90 16 67 64 95 43 72 68 56 10 82 65 23 77 47 79 97 41 27 12 99 42 40 60 11 9 53 71 96 18 98 91 33 5 63 48 75 22 37 59 24 66 51 39 76 2 54 4 46 78 17 36 8 55 74 19 32 89 49 80 87
TEST 37 ARG:78 52 49 63 96 45 33 7 46 47 1 38 43 55 11 21 92 4 35 29 66 48 97 34 24 54 79 41 72 15 71 67 75 50 3 90 91 84 17 22 62 19 16 40 58 61 59 23 28 57 26 30 14 51 56 86 6 76 68 37 77 31 89 98 9 82 27 99 25 13 36 0 8 12 81 20 60 80 85 65 18 93 44 64 10 83 39 42 88 73 70 74 32 95 69 53 87 2 94 5
TEST 38 ARG:22 45 80 6 90 30 82 4 38 34 62 88 46 78 68 3 66 18 13 83 58 53 50 16 99 67 70 14 27 40 93 91 36 2 97 1 42 61 95 21 35 81 48 33 94 63 0 41 11 85 47 43 60 96 73 26 87 77 39 29 72 52 28 51 71 98 75 65 23 76 64 37 69 89 20 57 17 54 86 19 8 12 84 31 24 44 15 5 56 7 79 55 32 25 49 74 10 92 9 59
TEST 39 ARG:83 7 41 52 44 28 72 40 61 19 54 39 12 88 33 63 27 60 23 49 55 71 37 97 94 32 78 25 84 16 59 62 76 18 70 21 30 77 34 10 11 65 90 47 29 13 74 14 80 24 31 75 57 8 98 45 64 46 3 69 53 91 81 82 93 58 9 96 22 36 67 1 15 51 99 85 48 17 42 89 38 5 87 50 68 79 86 66 20 26 6 4 43 92 2 56 73 35 95 0
TEST 40 ARG:53 76 96 59 69 26 99 10 24 40 41 29 13 85 71 55 21 51 64 56 16 79 15 25 74 88 67 4 23 34 49 93 94 28 47 38 91 95 83 30 33 36 0 42 61 1 3 97 98 2 65 84 87 73 9 43 72 39 57 60 90 70 37 92 14 32 81 18 86 46 58 20 50 44 12 48 6 66 22 89 80 62 68 11 52 17 5 8 27 35 19 7 75 78 31 45 63 82 54 77
TEST 41 ARG:52 65 21 25 13 58 0 7 32 12 97 78 15 56 86 2 66 3 59 53 22 88 37 82 30 5 70 45 14 55 91 57 46 79 34 83 27 44 16 23 85 39 64 76 49 95 20 60 92 77 89 40 42 4 38 29 93 36 96 54 48 74 43 41 26 98 10 69 80 71 63 73 8 90 50 94 72 24 28 75 99 9 81 47 17 62 1 61 6 11 35 87 31 51 84 67 19 68 18 33
TEST 42 ARG:2 40 59 91 54 64 56 99 28 81 95 93 47 12 61 73 34 16 19 32 94 79 25 23 66 97 65 83 67 58 31 24 6 75 78 70 37 20 76 46 68 60 63 51 86 10 84 21 17 41 33 5 36 98 62 4 92 72 29 26 8 14 30 82 85 90 7 22 74 48 9 43 71 18 57 69 50 15 89 49 35 53 11 88 45 80 3 39 1 42 0 52 96 77 87 13 55 27 38 44
TEST 43 ARG:97 23 42 47 33 34 94 1 79 11 17 24 49 30 14 44 65 15 76 57 18 77 82 96 90 21 9 43 16 41 85 27 86 68 13 67 93 2 84 87 59 39 45 36 25 10 74 7 91 50 8 81 46 29 22 5 98 88 19 40 75 6 35 58 12 99 66 4 3 61 62 54 26 0 92 56 72 31 37 71 52 95 48 80 63 78 70 53 89 32 28 69 51 60 38 20 83 55 73 64
TEST 44 ARG:8 12 98 99 54 82 94 17 51 21 28 29 76 6 9 58 22 81 60 45 31 24 35 26 41 30 70 16 47 25 7 37 18 32 13 71 87 36 11 1 78 14 79 62 61 38 5 68 83 59 90 44 43 66 63 52 56 4 65 33 64 97 20 49 72 84 95 88 15 40 19 0 73 10 46 55 89 85 93 96 27 34 3 23 75 67 77 42 50 86 91 2 80 48 74 53 92 69 57 39
TEST 45 ARG:21 32 0 5 38 18 87 76 88 98 77 54 41 31 37 97 47 78 95 68 6 34 15 45 72 29 43 26 82 23 30 19 36 65 69 3 7 20 35 89 92 12 17 70 61 28 86 67 81 50 84 56 39 8 13 66 85 48 99 40 83 53 58 1 57 63 44 93 51 10 79 25 90 33 11 46 62 74 71 55 16 91 49 2 60 14 75 42 64 9 94 24 52 4 73 59 27 22 80 96
TEST 46 ARG:17 92 5 99 55 27 79 9 96 84 93 0 8 28 75 76 78 44 72 26 77 83 87 82 10 39 62 40 67 25 73 14 38 58 42 21 1 52 54 48 24 35 64 59 50 31 33 6 91 51 23 65 47 98 56 20 85 16 2 32 53 22 46 41 30 15 94 63 81 11 29 70 69 80 4 19 97 43 89 34 61 45 86 68 57 13 71 12 3 66 37 60 88 49 95 7 18 90 36 74
TEST 47 ARG:3 25 99 23 13 69 19 77 34 18 44 57 14 39 82 67 42 17 75 9 37 35 96 54 28 51 93 29 7 27 72 83 91 53 48 30 58 26 8 84 0 31 4 50 88 78 76 20 2 94 40 85 55 90 36 11 49 5 24 56 97 46 47 60 86 62 10 81 68 59 95 16 52 92 43 61 33 32 1 73 15 64 70 79 71 87 22 12 89 80 74 41 98 6 38 21 45 66 63 65
TEST 48 ARG:49 8 29 95 39 65 34 2 90 1 55 80 75 62 69 22 98 31 81 85 43 93 45 20 44 83 33 66 15 76 52 88 17 56 19 96 28 26 13 54 64 67 40 87 63 78 57 42 27 32 10 77 59 25 51 50 38 99 73 68 84 4 82 12 37 24 72 41 23 71 14 35 89 60 11 0 5 94 70 58 30 46 97 3 6 18 36 79 21 74 61 48 86 91 16 92 53 7 47 9
TEST 49 ARG:53 11 56 70 3 6 69 94 60 38 79 23 82 55 97 10 72 61 44 59 73 99 8 30 0 75 5 96 62 15 80 32 68 16 28 85 26 83 1 20 92 50 29 81 93 7 43 25 41 88 17 63 54 19 24 67 46 52 57 36 13 91 65 78 77 12 76 47 34 98 48 35 33 18 87 71 64 84 66 40 58 86 89 22 42 21 74 37 49 9 39 45 14 2 95 27 4 90 51 31
TEST 50 ARG:15 76 10 58 68 20 55 89 34 11 28 52 8 63 64 17 29 88 91 84 46 13 60 82 78 33 9 90 18 6 39 62 35 80 44 79 57 69 47 19 12 5 61 3 75 24 71 45 42 85 22 0 43 67 30 81 87 21 25 70 73 37 53 66 4 83 98 36 14 27 99 2 65 38 51 48 23 86 59 1 54 72 96 97 94 56 92 74 95 7 32 26 31 16 93 49 50 40 77 41
TEST 51 ARG:35 75 27 99 2 66 63 20 3 54 38 40 83 73 52 31 69 49 53 88 45 33 50 17 48 32 55 36 71 28 95 70 11 4 15 24 65 78 47 12 89 81 64 85 90 1 87 25 68 46 0 44 80 34 16 61 41 26 86 14 29 30 37 10 51 72 22 57 9 8 5 19 77 6 79 18 58 91 7 67 76 60 94 74 43 97 82 62 96 21 39 92 98 13 56 42 59 84 23 93
TEST 52 ARG:2 31 30 19 76 80 43 55 60 42 12 83 91 3 53 18 36 84 26 46 81 66 8 4 1 67 72 85 23 69 45 13 87 89 0 47 17 90 51 97 11 58 25 71 32 56 54 77 44 61 63 57 75 6 62 59 49 34 38 7 28 5 65 93 37 33 40 88 78 95 73 15 79 74 10 41 96 82 35 29 52 68 50 99 86 20 24 70 94 14 27 98 22 92 64 21 48 9 39 16
TEST 53 ARG:57 23 15 89 53 36 45 56 6 42 90 66 63 35 75 83 17 31 52 54 68 43 95 73 71 70 28 97 18 33 98 4 62 0 94 41 9 39 64 50 58 47 91 29 14 85 7 60 51 74 3 79 34 86 37 77 44 78 11 55 92 10 25 72 32 38 27 84 81 87 20 2 96 21 61 8 24 19 48 49 22 46 12 76 1 69 88 99 13 40 26 67 59 5 16 93 80 82 30 65
TEST 54 ARG:15 96 45 54 38 4 97 19 17 29 37 35 2 36 55 3 81 14 24 86 76 74 80 63 60 50 46 71 20 89 73 57 77 83 64 30 0 67 9 90 44 1 47 8 18 40 52 27 10 41 84 98 72 42 11 58 31 66 33 88 21 28 22 95 32 69 23 82 92 68 13 75 5 93 43 49 6 16 34 48 62 87 99 61 12 91 56 7 70 39 59 94 78 26 85 25 65 51 53 79
TEST 55 ARG:71 14 12 47 43 50 45 7 15 16 82 92 6 9 89 75 59 38 99 97 13 67 25 65 4 93 3 52 32 23 22 1 40 11 20 27 51 53 57 49 61 90 42 21 18 72 81 33 56 74 8 26 19 48 95 96 87 78 37 88 41 80 83 30 70 98 28 10 58 2 31 29 17 44 46 91 66 76 64 94 24 77 60 84 79 36 39 5 62 34 0 63 73 35 55 86 68 54 69 85
TEST 56 ARG:78 80 6 95 91 60 43 36 0 2 55 30 61 8 25 35 99 94 88 9 76 59 4 97 96 92 51 81 34 29 5 45 24 15 68 89 40 18 37 50 63 66 65 70 33 32 3 86 93 28 42 62 47 54 58 67 71 87 79 11 12 23 26 14 74 27 44 10 7 83 56 13 90 85 57 52 84 49 41 19 1 21 20 16 77 69 17 31 64 53 75 82 39 98 72 46 38 48 73 22
TEST 57 ARG:42 34 65 27 79 21 29 63 41 50 47 70 13 49 92 94 87 98 99 0 57 17 93 73 68 4 91 44 95 61 25 11 6 16 81 88 71 8 82 15 52 59 10 74 77 56 3 85 33 75 30 43 36 22 5 14 37 31 2 69 39 83 45 54 18 64 90 97 84 26 7 20 46 80 96 60 86 40 62 58 51 38 28 78 12 76 53 66 24 55 23 32 89 72 1 19 35 48 9 67
TEST 58 ARG:59 75 23 89 87 51 22 16 77 4 13 43 97 66 52 28 0 70 45 12 82 64 15 58 92 81 29 55 38 72 69 68 5 27 73 11 35 32 39 46 19 94 85 18 1 36 31 78 48 44 50 14 80 84 8 91 96 47 2 26 57 33 62 40 30 53 20 10 95 9 54 65 83 17 71 60 34 99 98 21 7 3 63 93 37 90 49 88 61 74 25 79 24 86 76 41 56 42 6 67
TEST 59 ARG:50 18 30 70 38 95 11 84 48 59 8 20 98 96 64 0 79 60 24 66 91 81 75 37 27 16 80 77 19 63 86 67 61 4 76 78 83 94 35 5 26 31 65 85 51 99 62 89 15 52 90 28 33 53 6 17 43 88 49 44 74 56 29 71 32 1 23 87 57 45 97 41 73 42 47 82 21 55 14 93 3 72 7 10 25 2 36 9 46 69 92 58 12 34 13 54 68 40 39 22
TEST 60 ARG:19 64 26 86 88 7 20 43 8 80 10 51 9 68 40 71 22 37 42 33 49 13 25 30 11 45 0 46 85 94 69 55 48 38 53 21 4 79 75 17 24 82 77 63 47 36 98 23 92 97 57 3 2 5 99 83 41 81 52 35 93 95 73 31 96 70 84 59 29 65 18 56 58 28 12 34 27 74 15 61 91 1 72 32 66 16 89 62 76 39 6 90 54 44 78 14 67 87 60 50
TEST 61 ARG:36 28 59 3 75 40 8 35 51 43 26 17 68 69 94 92 20 31 38 87 19 85 15 63 93 67 99 23 39 90 55 24 14 1 47 71 33 88 13 54 84 58 48 70 86 9 16 89 7 41 76 34 45 73 95 74 30 77 66 78 4 65 62 46 37 25 79 61 53 52 83 29 82 72 27 96 56 64 21 98 11 42 57 91 80 44 97 10 81 50 32 60 6 12 22 49 5 0 2 18
TEST 62 ARG:7 17 96 77 79 26 88 70 81 9 59 36 76 40 2 51 38 50 23 80 31 72 57 66 3 83 98 82 49 4 44 78 29 42 19 95 86 35 69 54 56 94 15 14 99 52 62 97 28 64 67 65 21 25 22 20 87 63 71 1 37 47 5 48 6 60 85 41 18 32 46 0 45 55 12 90 75 39 16 89 73 10 93 92 74 13 58 33 84 8 91 30 61 24 53 11 68 27 34 43
TEST 63 ARG:78 39 34 60 75 69 96 93 17 4 1 0 82 11 83 95 51 30 56 71 13 61 77 45 14 33 2 63 41 18 37 86 87 25 29 38 74 31 64 55 8 52 68 65 81 53 48 42 57 40 36 15 16 85 27 32 28 76 91 99 20 46 9 49 54 98 79 3 44 43 92 59 47 70 73 89 88 12 97 7 6 19 26 94 23 84 10 72 90 24 62 50 5 35 21 80 67 22 58 66
TEST 64 ARG:95 48 8 99 41 60 72 37 15 29 62 66 85 22 35 30 21 49 76 80 88 59 55 74 50 77 20 97 7 45 25 58 42 63 33 81 40 75 84 18 65 86 32 52 98 61 96 71 43 28 13 26 92 14 10 68 82 27 69 16 11 93 87 46 83 36 19 17 94 73 5 3 70 24 57 4 64 89 79 34 91 9 90 44 67 78 53 47 12 1 23 56 6 0 54 31 2 51 38 39
TEST 65 ARG:72 68 74 51 63 65 57 36 22 70 52 62 54 0 76 97 93 48 39 45 50 29 7 19 33 28 85 37 59 44 15 38 91 61 9 88 12 77 92 24 30 95 26 18 56 64 6 40 58 83 79 42 23 87 21 55 60 78 81 4 53 75 35 46 27 86 84 14 89 1 41 47 71 90 2 32 3 73 5 25 67 31 99 34 13 69 80 98 11 17 10 82 49 16 8 43 94 96 20 66
TEST 66 ARG:25 49 71 31 92 93 96 18 1 19 70 24 54 40 14 0 21 34 33 55 56 59 11 42 8 66 13 73 98 3 97 28 50 51 29 23 32 4 38 6 16 48 60 15 35 81 89 67 20 88 41 37 53 68 5 39 22 27 7 91 46 62 58 9 82 84 26 17 47 52 10 12 99 36 85 65 75 30 87 45 43 80 44 63 95 64 61 69 90 72 57 76 94 77 78 83 79 2 86 74
TEST 67 ARG:94 30 45 12 53 27 51 3 84 72 16 83 65 38 95 6 48 44 25 61 28 62 32 50 70 5 63 14 46 87 29 71 24 42 19 22 80 75 57 43 37 77 10 34 68 23 69 93 52 36 66 73 99 81 78 67 21 76 4 9 2 91 74 35 96 17 59 64 88 98 26 8 97 13 86 49 39 0 1 20 89 47 79 92 55 7 18 40 54 56 15 31 41 33 90 11 60 82 58 85
TEST 68 ARG:65 59 10 93 32 49 67 77 47 66 51 57 34 85 58 98 96 97 6 78 26 61 25 54 5 82 60 80 76 20 41 39 0 40 75 13 38 50 72 4 45 86 37 83 33 19 90 43 88 22 64 69 24 29 79 9 23 1 87 84 15 16 91 73 55 56 42 44 68 71 92 18 95 52 31 70 62 7 94 99 74 36 27 11 53 63 17 46 81 12 48 89 14 30 35 28 2 8 3 21
TEST 69 ARG:82 50 23 11 92 40 7 36 69 94 51 80 27 64 5 53 48 10 14 28 91 78 9 33 83 90 6 85 38 99 19 42 30 55 3 52 59 44 4 41 54 46 74 67 21 45 25 56 81 96 20 77 66 39 71 43 65 68 18 15 47 37 58 16 57 34 97 17 24 72 70 0 26 29 87 63 88 1 73 62 2 12 79 31 89 86 84 76 35 8 32 93 22 60 49 75 98 61 95 13
TEST 70 ARG:13 78 75 83 47 20 37 0 41 82 91 14 18 5 68 30 36 48 24 76 52 40 33 43 15 3 42 58 25 88 72 27 29 60 2 1 45 67 93 98 32 8 31 57 79 85 64 81 49 53 28 46 56 69 62 84 73 26 11 6 55 66 87 19 77 44 21 50 16 10 89 35 23 80 17 4 65 97 90 92 86 54 96 9 7 22 74 94 12 71 70 61 95 63 34 59 39 38 51 99
TEST 71 ARG:60 82 78 62 23 54 0 38 49 70 90 64 74 96 67 16 27 37 76 84 94 6 83 19 14 29 91 52 87 57 11 69 77 45 17 44 31 97 75 5 46 18 10 33 7 89 48 61 79 24 32 72 56 13 92 25 34 39 40 98 30 35 88 1 20 42 12 41 51 9 59 95 47 66 65 36 93 15 99 58 2 50 63 8 53 3 68 21 81 4 71 80 22 73 55 86 43 26 85 28
TEST 72 ARG:92 49 33 57 80 88 27 39 67 52 78 34 29 24 73 30 69 15 22 97 20 35 11 60 23 43 13 71 89 6 36 63 72 28 66 41 40 84 37 16 95 12 65 91 93 19 54 8 96 32 18 17 76 31 59 46 56 7 38 62 5 81 79 2 85 47 48 10 58 83 50 55 0 94 99 98 3 86 90 68 77 87 21 44 61 53 64 26 4 1 51 14 70 25 82 45 74 75 42 9
TEST 73 ARG:20 43 31 56 19 74 96 22 69 7 51 47 72 11 73 39 81 0 32 33 37 52 27 78 98 5 1 25 95 64 57 77 45 16 15 62 21 86 85 60 8 68 88 70 99 83 46 9 92 90 12 6 54 38 59 23 79 63 80 17 66 28 18 4 24 55 61 50 3 93 82 71 40 65 44 91 42 75 30 53 34 13 76 14 10 49 89 36 26 48 97 94 41 29 35 67 87 58 84 2
TEST 74 ARG:14 38 44 23 6 81 55 5 17 56 22 20 32 48 80 68 39 25 45 54 75 57 8 40 29 30 27 26 85 64 10 2 86 47 58 24 97 13 69 72 62 70 49 67 84 71 96 11 41 83 74 95 16 63 4 53 88 89 90 78 15 52 42 99 87 73 1 94 91 28 60 9 33 3 7 65 0 35 18 59 77 46 93 66 76 34 37 82 36 61 31 51 12 19 50 43 98 21 79 92
TEST 75 ARG:94 49 51 34 81 73 89 88 59 53 16 75 42 72 78 43 24 8 74 39 23 15 33 29 4 67 38 10 22 44 62 3 85 2 68 32 41 37 57 0 28 20 91 14 82 79 21 50 45 77 83 19 63 25 58 7 60 69 64 6 18 92 97 26 1 99 55 87 52 48 66 98 27 96 70 40 13 76 35 9 46 12 47 93 36 61 5 86 90 65 71 84 95 30 17 31 56 11 54 80
TEST 76 ARG:7 8 19 74 96 30 41 60 14 63 37 13 52 24 5 71 61 94 20 77 42 22 32 62 76 55 68 70 2 27 66 3 67 17 59 91 69 82 28 18 33 57 29 92 11 48 81 65 36 31 6 53 99 10 12 84 95 89 86 16 21 73 15 90 75 4 9 56 58 51 44 85 50 87 34 49 45 64 1 72 98 97 79 54 46 25 35 78 47 39 93 88 38 23 40 0 43 80 26 83
TEST 77 ARG:0 42 44 11 57 23 77 58 67 38 88 46 71 29 83 4 35 34 47 90 31 62 86 36 73 48 16 51 99 65 2 91 76 94 28 92 75 25 60 43 54 72 64 37 7 13 12 68 56 17 6 84 85 52 1 20 82 74 15 89 21 61 78 9 98 45 22 63 87 93 8 24 80 14 32 18 79 70 96 30 66 33 69 49 95 19 81 5 50 3 26 53 27 97 10 40 55 39 41 59
TEST 78 ARG:63 69 1 19 61 70 82 62 32 49 27 67 73 6 91 3 42 53 51 95 20 29 43 12 47 10 98 83 11 9 66 68 40 15 24 14 18 33 30 2 79 25 23 81 34 89 8 37 96 52 88 99 48 75 76 22 64 84 13 65 38 26 93 94 4 85 39 54 87 41 58 97 5 35 44 21 77 59 72 57 7 74 17 46 90 78 92 60 31 28 55 56 80 71 86 16 50 0 45 36
TEST 79 ARG:1 55 33 59 94 86 91 61 30 62 64 48 79 43 69 3 54 76 75 35 73 32 52 38 95 19 74 99 50 22 6 45 47 89 12 85 88 7 65 46 67 2 90 14 16 28 5 18 60 71 39 96 77 13 26 27 4 44 87 11 21 31 80 70 24 58 29 92 84 56 34 0 49 53 10 9 51 40 41 72 25 17 15 66 81 83 42 57 78 98 97 20 36 8 63 23 37 93 68 82
TEST 80 ARG:62 29 80 9 5 1 14 65 30 95 54 25 22 11 96 78 3 47 23 53 43 94 70 87 6 52 92 73 19 15 4 46 67 39 32 50 99 76 42 45 8 93 83 2 74 44 56 71 51 36 48 55 24 66 35 82 86 12 98 75 84 91 68 85 77 59 49 34 72 58 89 61 41 21 18 13 81 17 0 64 27 38 60 79 69 40 7 97 33 57 63 28 90 26 31 10 88 20 16 37
TEST 81 ARG:4 70 93 18 19 2 35 92 76 48 86 64 34 20 5 27 99 85 73 41 83 8 45 38 68 12 9 79 15 46 71 89 40 74 78 66 59 30 14 63 54 43 75 44 7 84 3 39 6 81 21 1 37 36 22 33 95 24 16 72 53 17 47 69 94 97 29 90 0 51 31 96 13 56 52 82 80 60 55 57 67 77 25 49 58 10 91 42 98 11 65 50 62 88 61 87 26 28 32 23
TEST 82 ARG:88 19 85 59 12 82 66 50 98 80 77 31 14 33 30 72 2 34 64 44 69 4 0 21 18 11 47 61 1 41 78 48 83 29 89 90 52 96 75 36 60 38 23 16 70 8 79 35 28 84 67 86 13 49 99 71 3 94 46 43 58 68 26 54 56 40 73 25 57 91 63 74 32 17 22 42 7 95 45 65 10 87 76 97 15 24 9 6 93 55 27 92 20 37 62 39 5 53 51 81
